1	981	2.18858
1	987	2.31074
1	988	2.55767
1	992	2.74502
1	995	2.64657
1	997	2.95339
1	998	2.958
2	141	2.51953
2	163	2.46625
2	169	1.96134
2	235	1.82915
2	345	3.48326
2	414	1.81926
2	796	4.25627
3	971	1.99727
3	987	2.32889
3	991	2.65857
3	992	2.76318
3	995	2.66473
3	997	2.97155
3	998	2.97616
4	63	2.02218
4	136	1.89437
4	170	2.24678
4	191	1.70783
4	243	2.24681
4	521	2.36643
4	947	5.85052
5	8	2.37001
5	17	2.15189
5	52	2.19639
5	72	2.44615
5	120	1.41138
5	228	2.26846
5	922	5.49058
6	929	0.871756
6	975	2.56907
6	976	2.83194
6	978	2.81469
6	982	2.79785
6	989	3.17728
6	999	3.53243
7	65	0.733352
7	157	0.623311
7	340	0.437954
7	390	0.764342
7	854	3.71272
7	963	5.91362
7	964	6.14974
8	5	2.37001
8	17	2.07576
8	72	2.37002
8	228	2.19233
8	260	1.90977
8	520	2.00249
8	922	5.41445
9	68	0.0262303
9	111	0.962033
9	127	0.00157387
9	931	3.97635
9	939	4.3175
9	942	4.18108
9	955	4.89673
10	34	2.02383
10	56	1.41609
10	61	2.36481
10	101	1.20318
10	220	2.18452
10	845	4.42371
10	882	4.71886
11	125	2.6678
11	131	1.23994
11	190	2.22332
11	214	1.59698
11	263	1.68525
11	823	4.297
11	853	4.62455
12	25	2.28675
12	50	2.12468
12	134	2.28674
12	140	2.28674
12	265	2.45623
12	670	3.22794
12	751	3.66601
13	39	1.52293
13	123	0.650282
13	144	1.00245
13	668	2.75913
13	810	3.94358
13	842	4.01956
13	864	4.43704
14	102	1.53157
14	122	1.18552
14	250	1.67638
14	279	1.43162
14	793	3.75062
14	842	4.17084
14	864	4.58833
15	26	0.676418
15	230	0.315679
15	330	0.782899
15	654	1.91321
15	920	4.56134
15	936	4.94272
15	945	5.14271
16	260	0.531957
16	270	0.114871
16	750	2.35974
16	876	3.70434
16	887	3.84523
16	897	3.75684
16	908	4.0221
17	5	2.15189
17	8	2.07576
17	72	2.15191
17	113	0.725311
17	120	1.11713
17	897	4.91653
17	922	5.19634
18	971	2.07302
18	974	2.0608
18	988	2.65158
18	990	2.73391
18	995	2.74048
18	997	3.0473
18	998	3.05191
19	697	2.1691
19	731	2.3785
19	732	2.3753
19	756	2.5922
19	783	2.85994
19	789	2.88968
19	823	3.07036
20	129	1.04494
20	258	0.634904
20	267	0.0626686
20	337	1.39528
20	950	4.71319
20	963	5.12396
20	964	5.36008
21	81	0.0122834
21	92	0.000184526
21	973	3.37912
21	977	3.6294
21	979	3.5812
21	996	3.90575
21	1000	3.99634
22	85	3.05484
22	100	2.39321
22	114	2.45392
22	225	2.08955
22	259	1.32774
22	368	1.80611
22	917	5.20942
23	38	2.51893
23	181	1.70042
23	252	1.67522
23	271	1.86441
23	342	3.08785
23	363	1.56485
23	965	5.92329
24	974	1.99619
24	988	2.58697
24	990	2.6693
24	991	2.66971
24	992	2.77432
24	995	2.67587
24	998	2.9873
25	12	2.28675
25	50	2.64264
25	88	2.37642
25	134	2.80469
25	140	2.80469
25	142	2.4458
25	265	2.97419
26	15	0.676418
26	118	1.75648
26	236	2.43417
26	281	0.846793
26	753	2.95428
26	904	4.41629
26	945	5.25056
27	211	1.4247
27	354	1.79862
27	421	2.27968
27	434	1.93896
27	610	2.59594
27	824	4.14842
27	835	4.14842
28	160	2.40649
28	224	2.8923
28	276	1.15665
28	288	3.05805
28	361	3.11937
28	466	1.99969
28	488	3.70249
29	35	0.438175
29	237	1.73471
29	275	0.58443
29	370	0.0158977
29	957	4.94462
29	968	5.30862
29	970	5.30862
30	971	1.96288
30	988	2.54144
30	990	2.62377
30	991	2.62419
30	992	2.72879
30	997	2.93717
30	998	2.94177
31	293	1.80884
31	474	2.08083
31	493	2.24484
31	506	2.29761
31	558	2.46404
31	722	3.45188
31	808	3.98669
32	46	1.53465
32	75	1.84133
32	229	0.554359
32	324	1.19385
32	798	3.46215
32	911	4.88335
32	913	4.86539
33	184	0.00518195
33	612	0.02958
33	969	3.31391
33	977	3.64526
33	979	3.59706
33	996	3.92161
33	1000	4.0122
34	10	2.02383
34	56	1.69055
34	61	2.63928
34	156	2.82425
34	220	2.45898
34	290	1.70484
34	882	4.99332
35	29	0.438175
35	126	2.73551
35	139	1.28121
35	168	0.345888
35	344	1.2502
35	968	6.14191
35	970	6.14191
36	227	0.427927
36	381	0.577552
36	556	1.06752
36	898	3.88088
36	909	3.95634
36	915	4.10285
36	925	4.32214
37	41	3.05236
37	210	2.18149
37	223	1.88628
37	256	2.42417
37	295	1.11943
37	332	2.13369
37	933	5.5376
38	23	2.51893
38	97	1.62223
38	105	2.64189
38	153	1.23891
38	195	3.31958
38	252	2.79031
38	342	4.20294
39	13	1.52293
39	102	2.06661
39	123	1.3366
39	144	1.68878
39	279	1.96666
39	810	4.6299
39	864	5.12337
40	951	1.65871
40	966	2.3417
40	975	2.5069
40	976	2.76977
40	982	2.73568
40	989	3.11511
40	999	3.47025
41	37	3.05236
41	91	2.03999
41	210	2.94717
41	223	2.65196
41	256	3.18985
41	283	2.56842
41	295	1.88511
42	96	2.29334
42	103	1.98333
42	175	2.48989
42	185	2.26172
42	293	2.31375
42	566	3.0364
42	722	3.95679
43	90	2.48923
43	99	2.61662
43	117	2.48921
43	118	2.60897
43	121	2.35535
43	135	2.48921
43	236	3.28666
44	68	0.0426646
44	111	1.87909
44	133	1.536
44	491	0.115938
44	860	3.71274
44	939	5.23455
44	955	5.81379
45	84	1.2114
45	196	0.353616
45	547	0.198115
45	660	0.26801
45	985	5.24837
45	986	5.45283
45	994	5.59939
46	32	1.53465
46	75	2.27999
46	172	0.983601
46	282	1.12901
46	702	3.3172
46	768	3.78674
46	913	5.30405
47	432	0.00441806
47	759	0.457213
47	924	2.89892
47	956	3.53344
47	960	3.80953
47	961	3.6706
47	972	3.96621
48	974	2.14106
48	981	2.36275
48	987	2.48491
48	990	2.81417
48	991	2.81459
48	992	2.91919
48	995	2.82075
49	951	1.65622
49	966	2.33921
49	975	2.50441
49	976	2.76728
49	978	2.75003
49	989	3.11263
49	999	3.46777
50	12	2.12468
50	25	2.64264
50	134	2.64263
50	140	2.64263
50	142	2.28373
50	265	2.81212
50	503	3.18667
51	264	1.62763
51	495	2.20696
51	497	2.42142
51	539	2.42142
51	634	2.79127
51	734	3.33802
51	763	3.52824
52	5	2.19639
52	72	2.1964
52	228	2.01871
52	260	1.73615
52	477	0.364829
52	897	4.96103
52	908	5.22629
53	258	0.296742
53	357	0.040608
53	390	0.226626
53	912	3.58846
53	950	4.37503
53	963	4.78579
53	964	5.02192
54	224	1.15128
54	392	0.141947
54	775	2.46251
54	851	3.03701
54	902	3.66765
54	903	3.69645
54	926	4.1783
55	929	0.992106
55	951	1.84123
55	976	2.95229
55	978	2.93504
55	982	2.9182
55	989	3.29763
55	999	3.65278
56	10	1.41609
56	34	1.69055
56	61	2.03154
56	101	0.869906
56	807	3.85106
56	845	4.09044
56	882	4.38558
57	105	1.20165
57	195	1.87934
57	341	1.24077
57	342	2.7627
57	363	1.23971
57	921	4.41265
57	965	5.59815
58	116	0.0049255
58	249	0.000241818
58	969	3.35629
58	973	3.43736
58	977	3.68764
58	996	3.96399
58	1000	4.05458
59	264	1.86455
59	314	1.86754
59	329	1.94608
59	497	2.65833
59	539	2.65834
59	734	3.57493
59	763	3.76515
60	110	2.12311
60	132	1.75489
60	247	2.9128
60	254	2.48938
60	421	2.37172
60	467	2.44264
60	824	4.24046
61	10	2.36481
61	34	2.63928
61	56	2.03154
61	156	3.16524
61	220	2.79997
61	882	5.33431
61	947	2.34248
62	111	0.474728
62	684	0.0165113
62	892	2.74464
62	914	3.16637
62	939	3.83019
62	942	3.69378
62	955	4.40942
63	4	2.02218
63	66	1.72719
63	136	2.02216
63	170	2.37456
63	191	1.83562
63	243	2.37459
63	947	5.97831
64	938	1.2101
64	951	1.87021
64	966	2.5532
64	976	2.98127
64	978	2.96401
64	989	3.32661
64	999	3.68175
65	7	0.733352
65	157	0.461188
65	357	0.472481
65	390	0.602219
65	906	4.32681
65	963	5.75149
65	964	5.98761
66	63	1.72719
66	170	1.95178
66	243	1.95181
66	521	2.07144
66	810	1.10304
66	925	5.07721
66	947	5.55553
67	87	2.14217
67	108	2.4144
67	179	2.42029
67	347	2.63673
67	393	2.78022
67	436	2.68094
67	559	3.26051
68	9	0.0262303
68	44	0.0426646
68	111	1.17104
68	892	3.44096
68	931	4.18536
68	942	4.39009
68	955	5.10574
69	116	0.0145855
69	137	0.307229
69	236	0.226274
69	296	0.00251246
69	979	5.84452
69	996	6.16907
69	1000	6.25966
70	792	1.03189
70	929	1.39435
70	975	3.09167
70	976	3.35454
70	978	3.33728
70	982	3.32044
70	999	4.05502
71	89	0.00750282
71	152	0.0215734
71	364	0.0187092
71	980	4.3795
71	985	4.45793
71	986	4.66239
71	994	4.80895
72	5	2.44615
72	8	2.37002
72	17	2.15191
72	52	2.1964
72	120	1.41139
72	228	2.26848
72	922	5.4906
73	75	1.25072
73	216	0.476547
73	257	0.634775
73	841	3.32076
73	901	4.08503
73	911	4.29273
73	913	4.27478
74	249	0.000957082
74	969	2.74706
74	973	2.82814
74	977	3.07842
74	979	3.03022
74	996	3.35477
74	1000	3.44535
75	32	1.84133
75	46	2.27999
75	73	1.25072
75	115	1.72351
75	562	0.468722
75	911	5.62868
75	913	5.61073
76	181	1.3342
76	271	1.49818
76	468	0.431942
76	479	1.31554
76	848	3.35903
76	946	4.83895
76	965	5.55706
77	82	3.20053
77	173	2.7427
77	189	3.07751
77	301	3.17962
77	315	2.89705
77	365	3.23766
77	797	1.03189
78	145	1.50563
78	180	1.36571
78	286	1.76528
78	353	1.04035
78	376	0.289293
78	984	5.97374
78	993	6.39484
79	93	0.0189787
79	231	0.053648
79	366	0.015509
79	956	4.35374
79	960	4.62983
79	961	4.4909
79	972	4.78652
80	227	0.264172
80	349	0.554662
80	515	1.06497
80	898	3.71713
80	915	3.9391
80	925	4.15838
80	947	4.63671
81	21	0.0122834
81	92	0.000976825
81	116	0.0171504
81	137	0.338366
81	973	5.7189
81	996	6.24554
81	1000	6.33612
82	77	3.20053
82	173	2.19916
82	189	2.53397
82	301	2.63608
82	315	2.35351
82	365	2.69412
82	428	2.71735
83	109	0.891688
83	130	1.19877
83	155	0.135814
83	199	1.52984
83	201	0.283797
83	956	6.92113
83	972	7.35391
84	45	1.2114
84	89	0.022027
84	152	0.0141091
84	187	0.0599559
84	985	5.49754
84	986	5.702
84	994	5.84856
85	22	3.05484
85	100	3.0042
85	114	3.06491
85	138	2.5521
85	225	2.70054
85	241	2.01922
85	259	1.93873
86	112	0.00711155
86	308	0.00228645
86	969	3.31439
86	977	3.64574
86	979	3.59755
86	996	3.9221
86	1000	4.01268
87	67	2.14217
87	108	2.14215
87	179	2.14804
87	393	2.50798
87	422	2.53227
87	559	2.98826
87	763	3.87433
88	25	2.37642
88	134	2.37641
88	140	2.37641
88	294	2.32536
88	431	2.06382
88	503	2.92045
88	774	3.89611
89	71	0.00750282
89	84	0.022027
89	152	0.226929
89	187	0.372358
89	980	5.73151
89	985	5.80994
89	994	6.16096
90	43	2.48923
90	99	2.6166
90	117	2.48919
90	118	2.60895
90	121	2.35534
90	135	2.48919
90	236	3.28665
91	41	2.03999
91	268	1.26285
91	332	1.12132
91	470	0.935475
91	894	3.91962
91	918	4.35508
91	935	4.70073
92	21	0.000184526
92	81	0.000976825
92	973	3.38147
92	977	3.63176
92	979	3.58356
92	996	3.90811
92	1000	3.99869
93	79	0.0189787
93	231	0.053243
93	366	0.0246799
93	956	4.35334
93	960	4.62943
93	961	4.4905
93	972	4.78611
94	125	1.69762
94	214	0.6268
94	735	2.52995
94	789	3.14614
94	804	3.35327
94	823	3.32682
94	853	3.65437
95	124	2.38289
95	160	2.33324
95	224	2.81905
95	255	1.13957
95	288	2.98479
95	361	3.04611
95	488	3.62923
96	42	2.29334
96	103	1.8966
96	175	2.40316
96	185	2.17499
96	306	2.59781
96	492	2.72063
96	780	4.24862
97	38	1.62223
97	479	0.785077
97	608	1.03638
97	724	1.71511
97	921	3.8411
97	946	4.30848
97	965	5.0266
98	971	1.96288
98	988	2.54144
98	990	2.62377
98	991	2.62419
98	992	2.72879
98	997	2.93717
98	998	2.94177
99	43	2.61662
99	90	2.6166
99	117	2.61657
99	118	2.73634
99	135	2.61658
99	233	1.71823
99	236	3.41403
100	22	2.39321
100	85	3.0042
100	138	1.89047
100	225	2.0389
100	241	1.35758
100	292	1.99186
100	930	5.65869
101	10	1.20318
101	56	0.869906
101	220	1.63833
101	721	2.93539
101	807	3.63815
101	845	3.87753
101	882	4.17268
102	14	1.53157
102	39	2.06661
102	122	1.57792
102	144	1.54613
102	250	2.06878
102	842	4.56323
102	864	4.98072
103	42	1.98333
103	96	1.8966
103	185	1.86497
103	293	1.917
103	566	2.63966
103	780	3.93861
103	808	4.09486
104	145	1.26801
104	147	1.29208
104	286	1.52765
104	369	0.964158
104	425	1.37635
104	983	5.74948
104	993	6.15722
105	38	2.64189
105	57	1.20165
105	195	2.32745
105	252	1.79818
105	261	1.10848
105	342	3.21081
105	965	6.04626
106	156	1.80624
106	220	1.44097
106	504	1.42603
106	666	2.5656
106	807	3.44079
106	845	3.68016
106	882	3.97531
107	331	9.62097e-05
107	883	2.25892
107	900	2.4785
107	914	2.87612
107	931	3.1988
107	942	3.40353
107	955	4.11918
108	67	2.4144
108	87	2.14215
108	179	2.42027
108	347	2.63672
108	393	2.78021
108	436	2.68093
108	559	3.26049
109	83	0.891688
109	199	0.667873
109	201	0.587454
109	960	5.38753
109	961	5.2486
109	972	5.54421
109	976	3.01869
110	60	2.12311
110	132	2.1231
110	247	3.28102
110	254	2.85759
110	421	2.73994
110	434	2.39922
110	467	2.81085
111	9	0.962033
111	44	1.87909
111	62	0.474728
111	68	1.17104
111	331	0.884117
111	931	6.02179
111	955	6.94216
112	86	0.00711155
112	308	0.000604804
112	969	3.31533
112	977	3.64669
112	979	3.59849
112	996	3.92304
112	1000	4.01362
113	17	0.725311
113	319	0.147621
113	733	2.00964
113	876	3.7317
113	887	3.87259
113	897	3.7842
113	922	4.064
114	22	2.45392
114	85	3.06491
114	225	2.09961
114	259	1.33781
114	368	1.81618
114	623	2.34299
114	917	5.21949
115	75	1.72351
115	216	0.949332
115	303	1.46941
115	324	1.07602
115	841	3.79354
115	901	4.55781
115	911	4.76552
116	58	0.0049255
116	69	0.0145855
116	81	0.0171504
116	137	1.19872
116	461	0.00566517
116	996	8.4766
116	1000	8.56718
117	43	2.48921
117	90	2.48919
117	99	2.61657
117	118	2.60893
117	121	2.35531
117	135	2.48917
117	236	3.28662
118	26	1.75648
118	43	2.60897
118	90	2.60895
118	99	2.73634
118	117	2.60893
118	135	2.60893
118	236	3.40638
119	390	0.0161157
119	818	1.3394
119	854	1.95508
119	906	2.73129
119	950	3.74521
119	963	4.15597
119	964	4.3921
120	5	1.41138
120	17	1.11713
120	72	1.41139
120	228	1.2337
120	887	4.26441
120	908	4.44128
120	922	4.45582
121	43	2.35535
121	90	2.35534
121	117	2.35531
121	135	2.35532
121	233	1.45697
121	328	1.4875
121	945	5.96916
122	14	1.18552
122	102	1.57792
122	144	1.20009
122	250	1.72273
122	793	3.79698
122	842	4.21719
122	864	4.63468
123	13	0.650282
123	39	1.3366
123	279	1.09401
123	793	3.41302
123	810	3.75726
123	842	3.83323
123	864	4.25072
124	95	2.38289
124	160	2.12957
124	197	2.15802
124	224	2.61537
124	288	2.78112
124	361	2.84244
124	488	3.42556
125	11	2.6678
125	94	1.69762
125	190	2.73549
125	214	2.10916
125	263	2.19743
125	299	1.79071
125	853	5.13672
126	35	2.73551
126	139	2.74527
126	168	1.80994
126	262	1.84404
126	389	1.95824
126	518	0.415692
126	957	7.24196
127	9	0.00157387
127	860	1.88116
127	914	2.73915
127	931	3.06183
127	939	3.40297
127	942	3.26656
127	955	3.9822
128	987	2.2464
128	988	2.49333
128	990	2.57566
128	992	2.68068
128	995	2.58223
128	997	2.88905
128	998	2.89366
129	20	1.04494
129	267	0.00902119
129	429	0.0150324
129	912	3.46218
129	950	4.24875
129	963	4.65952
129	964	4.89564
130	83	1.19877
130	155	0.0130916
130	432	0.299461
130	463	0.0179449
130	956	5.41852
130	961	5.55568
130	972	5.85129
131	11	1.23994
131	716	2.58275
131	731	2.68946
131	732	2.68625
131	735	2.58444
131	783	3.17089
131	823	3.38131
132	60	1.75489
132	110	2.1231
132	247	2.91279
132	254	2.48937
132	421	2.37171
132	467	2.44263
132	835	4.24045
133	44	1.536
133	776	0.817879
133	860	2.18116
133	895	2.77587
133	914	3.03915
133	939	3.70297
133	955	4.2822
134	12	2.28674
134	25	2.80469
134	50	2.64263
134	88	2.37641
134	140	2.80468
134	142	2.44579
134	265	2.97418
135	43	2.48921
135	90	2.48919
135	99	2.61658
135	117	2.48917
135	118	2.60893
135	121	2.35532
135	236	3.28663
136	4	1.89437
136	63	2.02216
136	170	2.24675
136	191	1.70781
136	243	2.24678
136	521	2.36641
136	947	5.8505
137	69	0.307229
137	81	0.338366
137	116	1.19872
137	184	0.189495
137	930	2.07063
137	996	8.10167
137	1000	8.19226
138	85	2.5521
138	100	1.89047
138	198	1.10274
138	241	0.905486
138	292	1.53976
138	930	5.2066
138	932	5.13782
139	35	1.28121
139	126	2.74527
139	168	0.355638
139	262	0.389741
139	344	1.25995
139	968	6.15166
139	970	6.15166
140	12	2.28674
140	25	2.80469
140	50	2.64263
140	88	2.37641
140	134	2.80468
140	142	2.44578
140	265	2.97418
141	2	2.51953
141	163	2.34786
141	169	1.84295
141	345	3.36487
141	362	2.10248
141	430	1.33005
141	859	4.82738
142	25	2.4458
142	50	2.28373
142	134	2.44579
142	140	2.44578
142	265	2.61528
142	431	2.1332
142	774	3.96549
143	287	0.00388234
143	482	0.149401
143	896	2.60646
143	910	2.96707
143	957	3.96011
143	968	4.3241
143	970	4.3241
144	13	1.00245
144	39	1.68878
144	102	1.54613
144	122	1.20009
144	810	4.10943
144	842	4.1854
144	864	4.60289
145	78	1.50563
145	104	1.26801
145	147	1.26802
145	286	1.50358
145	425	1.35228
145	983	5.72541
145	984	5.71205
146	208	0.0439505
146	750	1.78745
146	876	3.13205
146	887	3.27294
146	897	3.18455
146	908	3.44981
146	922	3.46435
147	104	1.29208
147	145	1.26802
147	286	1.52766
147	369	0.964168
147	425	1.37635
147	983	5.74949
147	993	6.15723
148	941	1.07323
148	975	2.5357
148	976	2.79857
148	978	2.78131
148	982	2.76447
148	989	3.14391
148	999	3.49905
149	265	2.07672
149	294	1.85618
149	503	2.45127
149	567	2.11153
149	719	3.12586
149	751	3.28649
149	774	3.42693
150	938	1.21258
150	951	1.87269
150	966	2.55568
150	976	2.98375
150	982	2.94966
150	989	3.32909
150	999	3.68424
151	927	0.0170843
151	966	2.62056
151	975	2.78576
151	978	3.03138
151	982	3.01454
151	989	3.39397
151	999	3.74911
152	71	0.0215734
152	84	0.0141091
152	89	0.226929
152	195	0.226274
152	980	5.85558
152	985	5.934
152	994	6.28503
153	38	1.23891
153	341	0.285897
153	791	1.82887
153	870	2.95523
153	921	3.45777
153	946	3.92516
153	965	4.64327
154	172	0.359594
154	324	0.488086
154	702	2.17278
154	817	3.00772
154	901	3.96988
154	911	4.17758
154	913	4.15963
155	83	0.135814
155	130	0.0130916
155	379	0.0282839
155	956	4.32911
155	960	4.6052
155	961	4.46627
155	972	4.76188
156	34	2.82425
156	61	3.16524
156	106	1.80624
156	238	2.04993
156	283	0.27
156	504	2.97001
156	882	5.51929
157	7	0.623311
157	65	0.461188
157	258	1.1524
157	357	0.36244
157	906	4.21676
157	963	5.64145
157	964	5.87757
158	981	2.17684
158	987	2.299
158	991	2.62868
158	992	2.73328
158	995	2.63483
158	997	2.94165
158	998	2.94626
159	951	1.65622
159	966	2.33921
159	975	2.50441
159	976	2.76728
159	978	2.75003
159	989	3.11263
159	999	3.46777
160	28	2.40649
160	95	2.33324
160	124	2.12957
160	224	2.56572
160	288	2.73147
160	361	2.79279
160	488	3.37591
161	927	0.0203657
161	938	1.91889
161	941	1.96472
161	966	3.26199
161	975	3.42719
161	978	3.67281
161	989	4.03541
161	999	4.39055
162	198	0.799736
162	225	1.2838
162	292	1.23676
162	316	0.334541
162	917	4.40367
162	919	4.60428
162	930	4.90359
162	932	4.83481
163	2	2.46625
163	141	2.34786
163	169	1.78968
163	235	1.65748
163	345	3.31159
163	362	2.0492
163	800	4.00503
163	859	4.77411
164	336	0.0973321
164	663	1.7295
164	702	2.28053
164	739	2.54805
164	817	3.11547
164	901	4.07763
164	911	4.28533
164	913	4.26738
165	219	0.00469193
165	246	0.00297827
165	969	3.42858
165	973	3.50965
165	977	3.75993
165	979	3.71174
165	996	4.03628
165	1000	4.12687
166	426	0.764743
166	633	1.95264
166	668	2.42612
166	680	2.5901
166	793	3.26633
166	810	3.61057
166	842	3.68654
166	864	4.10403
167	941	1.28956
167	966	2.58683
167	975	2.75203
167	976	3.01489
167	978	2.99764
167	982	2.9808
167	989	3.36024
167	999	3.71538
168	35	0.345888
168	126	1.80994
168	139	0.355638
168	344	0.324622
168	944	4.28011
168	957	4.85234
168	968	5.21633
168	970	5.21633
169	2	1.96134
169	141	1.84295
169	163	1.78968
169	345	2.80668
169	362	1.54429
169	838	4.03435
169	850	4.1526
169	859	4.2692
170	4	2.24678
170	63	2.37456
170	66	1.95178
170	136	2.24675
170	191	2.06021
170	243	2.59919
170	521	2.71881
170	947	6.2029
171	190	1.21441
171	735	2.49122
171	736	2.58964
171	756	2.80993
171	783	3.07767
171	804	3.31455
171	823	3.28809
171	853	3.61564
172	46	0.983601
172	154	0.359594
172	702	2.32749
172	768	2.79703
172	817	3.16243
172	901	4.12459
172	911	4.33229
172	913	4.31434
173	77	2.7427
173	82	2.19916
173	365	2.23629
173	439	1.94102
173	462	2.0074
173	687	3.16159
173	770	3.83982
173	806	4.27303
174	744	0.870599
174	802	1.28041
174	830	1.81503
174	865	2.41643
174	912	3.15034
174	950	3.9369
174	963	4.34767
174	964	4.58379
175	42	2.48989
175	96	2.40316
175	186	2.17897
175	450	2.63852
175	451	2.63277
175	506	2.91233
175	558	3.07877
175	722	4.0666
176	308	0.00132872
176	346	0.00843458
176	969	3.43
176	973	3.51107
176	977	3.76135
176	979	3.71315
176	996	4.0377
176	1000	4.12829
177	971	2.2276
177	974	2.21538
177	988	2.80616
177	990	2.88849
177	991	2.88891
177	992	2.99351
177	997	3.20188
177	998	3.20649
178	971	2.31402
178	974	2.3018
178	981	2.52349
178	987	2.64565
178	992	3.07993
178	995	2.98148
178	997	3.2883
178	998	3.29291
179	67	2.42029
179	87	2.14804
179	108	2.42027
179	248	2.39735
179	393	2.7861
179	422	2.81039
179	559	3.26638
179	763	4.15245
180	78	1.36571
180	304	1.11939
180	369	0.800166
180	419	1.15311
180	425	1.21235
180	958	5.1851
180	984	5.57212
180	993	5.99323
181	23	1.70042
181	76	1.3342
181	252	1.97181
181	261	1.28211
181	271	2.161
181	608	2.22967
181	946	5.50177
181	965	6.21989
182	288	2.45723
182	321	1.10257
182	355	1.07495
182	361	2.51855
182	488	3.10167
182	582	2.01992
182	902	4.80786
182	926	5.31851
183	382	0.190807
183	753	1.81116
183	857	2.72348
183	878	2.86171
183	904	3.27317
183	920	3.52607
183	936	3.90745
183	945	4.10744
184	33	0.00518195
184	137	0.189495
184	296	0.00407004
184	973	4.15744
184	977	4.40772
184	979	4.35953
184	996	4.68408
184	1000	4.77466
185	42	2.26172
185	96	2.17499
185	103	1.86497
185	306	2.56618
185	327	2.02497
185	566	2.91805
185	780	4.21699
185	808	4.37325
186	175	2.17897
186	417	1.99457
186	450	2.21779
186	451	2.21203
186	506	2.4916
186	696	3.47944
186	722	3.64587
186	808	4.18069
187	84	0.0599559
187	89	0.372358
187	226	0.00437462
187	568	0.0294867
187	875	3.21593
187	980	6.00101
187	986	6.2839
187	994	6.43046
188	883	2.11677
188	892	2.31225
188	895	2.4707
188	900	2.33635
188	914	2.73397
188	931	3.05665
188	939	3.3978
188	955	3.97703
189	77	3.07751
189	82	2.53397
189	301	2.51306
189	315	2.23049
189	343	2.10756
189	365	2.5711
189	687	3.49641
189	729	3.87074
190	11	2.22332
190	125	2.73549
190	171	1.21441
190	263	1.75295
190	307	2.06062
190	735	3.56782
190	783	4.15427
190	853	4.69224
191	4	1.70783
191	63	1.83562
191	136	1.70781
191	170	2.06021
191	243	2.06024
191	521	2.17987
191	925	5.18563
191	947	5.66396
192	929	1.08391
192	966	2.61603
192	975	2.78123
192	976	3.0441
192	978	3.02685
192	982	3.01001
192	989	3.38944
192	999	3.74458
193	289	0.718239
193	758	1.00472
193	833	1.71903
193	906	2.92649
193	912	3.15384
193	950	3.94041
193	963	4.35118
193	964	4.5873
194	929	1.3865
194	938	1.57552
194	951	2.23563
194	975	3.08381
194	976	3.34668
194	982	3.31259
194	989	3.69203
194	999	4.04717
195	38	3.31958
195	57	1.87934
195	105	2.32745
195	152	0.226274
195	252	2.47587
195	261	1.78617
195	342	3.8885
195	965	6.72395
196	45	0.353616
196	465	0.00409716
196	934	2.63261
196	940	2.79173
196	980	3.95768
196	985	4.0361
196	986	4.24057
196	994	4.38713
197	124	2.15802
197	206	0.619163
197	355	1.37764
197	537	2.48333
197	902	5.11055
197	907	5.0313
197	926	5.6212
197	935	2.07063
198	138	1.10274
198	162	0.799736
198	292	1.20414
198	623	1.49456
198	871	4.04231
198	886	4.08456
198	930	4.87097
198	932	4.80219
199	83	1.52984
199	109	0.667873
199	398	0.00249881
199	406	0.0215395
199	686	2.11449
199	960	6.02568
199	961	5.88675
199	972	6.18237
200	281	0.0635808
200	562	1.00939
200	753	2.14107
200	857	3.05338
200	904	3.60308
200	920	3.85598
200	936	4.23736
200	945	4.43735
201	83	0.283797
201	109	0.587454
201	406	0.00500944
201	924	3.62862
201	956	4.26314
201	960	4.53923
201	961	4.4003
201	972	4.69591
202	242	1.433
202	354	1.6753
202	467	2.22727
202	490	2.17567
202	723	3.35284
202	742	3.48673
202	824	4.0251
202	835	4.0251
203	929	1.40922
203	938	1.59824
203	951	2.25835
203	966	2.94134
203	978	3.35216
203	982	3.33532
203	989	3.71475
203	999	4.06989
204	372	0.130381
204	515	0.794903
204	825	2.58238
204	898	3.44706
204	909	3.52252
204	915	3.66903
204	925	3.88832
204	947	4.36664
205	974	2.23241
205	981	2.4541
205	987	2.57626
205	990	2.90552
205	991	2.90594
205	995	2.9121
205	997	3.21891
205	998	3.22352
206	197	0.619163
206	537	0.965671
206	851	2.96225
206	861	3.02247
206	902	3.59289
206	903	3.62169
206	907	3.51363
206	926	4.10354
207	250	1.25621
207	516	1.29099
207	668	2.49024
207	681	2.43979
207	793	3.33045
207	810	3.67469
207	842	3.75067
207	864	4.16816
208	146	0.0439505
208	520	0.625775
208	750	2.36084
208	876	3.70544
208	887	3.84633
208	897	3.75794
208	908	4.0232
208	922	4.03774
209	541	1.47469
209	636	1.88791
209	694	2.47609
209	695	2.68716
209	754	2.89155
209	807	3.40327
209	845	3.64265
209	882	3.93779
210	37	2.18149
210	41	2.94717
210	223	1.78108
210	256	2.31898
210	268	2.17002
210	295	1.01424
210	877	4.5557
210	933	5.43241
211	27	1.4247
211	254	2.25123
211	421	2.13357
211	434	1.79286
211	723	3.33006
211	742	3.46394
211	824	4.00232
211	835	4.00231
212	705	0.655442
212	745	1.25666
212	788	1.60913
212	833	2.09144
212	865	2.79235
212	950	4.31282
212	963	4.72359
212	964	4.95971
213	323	1.4393
213	343	1.71255
213	384	1.77772
213	701	3.31125
213	704	3.33988
213	712	3.56487
213	729	3.47573
213	770	3.77963
214	11	1.59698
214	94	0.6268
214	125	2.10916
214	735	2.94148
214	789	3.55768
214	804	3.76481
214	823	3.73836
214	853	4.06591
215	759	0.567548
215	805	1.07139
215	899	2.33784
215	924	3.00926
215	956	3.64377
215	960	3.91986
215	961	3.78093
215	972	4.07655
216	73	0.476547
216	115	0.949332
216	257	1.19655
216	303	1.5584
216	841	3.88253
216	901	4.6468
216	911	4.85451
216	913	4.83656
217	613	0.726104
217	724	1.67369
217	787	2.2632
217	837	2.61402
217	849	2.74869
217	881	3.12309
217	946	4.26707
217	965	4.98519
218	692	0.0627386
218	831	1.59404
218	858	2.04555
218	910	2.91418
218	944	3.33499
218	957	3.90723
218	968	4.27122
218	970	4.27122
219	165	0.00469193
219	408	0.00159499
219	969	3.43022
219	973	3.51129
219	977	3.76157
219	979	3.71338
219	996	4.03793
219	1000	4.12851
220	10	2.18452
220	34	2.45898
220	61	2.79997
220	101	1.63833
220	106	1.44097
220	290	1.86554
220	845	4.85887
220	882	5.15401
221	710	0.0112691
221	905	1.83522
221	934	2.51935
221	940	2.67847
221	953	3.11364
221	980	3.84442
221	986	4.12731
221	994	4.27387
222	304	0.044483
222	529	0.0170489
222	949	3.12519
222	954	3.64025
222	958	3.4947
222	983	3.89508
222	984	3.88171
222	993	4.30282
223	37	1.88628
223	41	2.65196
223	210	1.78108
223	256	2.02376
223	268	1.87481
223	332	1.73328
223	933	5.13719
223	935	5.3127
224	28	2.8923
224	54	1.15128
224	95	2.81905
224	124	2.61537
224	160	2.56572
224	288	3.21727
224	361	3.27859
224	488	3.86171
225	22	2.08955
225	85	2.70054
225	100	2.0389
225	114	2.09961
225	162	1.2838
225	623	1.97862
225	917	4.85511
225	930	5.35503
226	187	0.00437462
226	364	0.00421708
226	943	2.7039
226	953	3.19512
226	980	3.92589
226	985	4.00432
226	986	4.20878
226	994	4.35534
227	36	0.427927
227	80	0.264172
227	381	1.2112
227	556	1.70117
227	898	4.51453
227	909	4.58999
227	915	4.7365
227	925	4.95579
228	5	2.26846
228	8	2.19233
228	52	2.01871
228	72	2.26848
228	120	1.2337
228	260	1.80822
228	908	5.29837
228	922	5.31291
229	32	0.554359
229	282	0.148714
229	768	2.80644
229	798	2.92052
229	817	3.17185
229	901	4.134
229	911	4.34171
229	913	4.32376
230	15	0.315679
230	533	0.594677
230	590	1.16581
230	760	2.38132
230	904	4.05555
230	920	4.30845
230	936	4.68983
230	945	4.88982
231	79	0.053648
231	93	0.053243
231	366	0.0108846
231	686	1.37832
231	956	5.01343
231	960	5.28952
231	961	5.15059
231	972	5.4462
232	697	2.32325
232	716	2.42595
232	731	2.53266
232	736	2.52607
232	756	2.74635
232	789	3.04384
232	804	3.25097
232	853	3.55206
233	99	1.71823
233	121	1.45697
233	328	0.723003
233	475	0.761858
233	753	2.90838
233	920	4.62329
233	936	5.00467
233	945	5.20466
234	546	0.0205363
234	847	0.0268441
234	969	3.42709
234	973	3.50817
234	977	3.75845
234	979	3.71025
234	996	4.0348
234	1000	4.12538
235	2	1.82915
235	163	1.65748
235	345	2.67449
235	414	1.01049
235	800	3.36792
235	834	3.70422
235	850	4.02041
235	859	4.137
236	26	2.43417
236	43	3.28666
236	69	0.226274
236	90	3.28665
236	99	3.41403
236	117	3.28662
236	118	3.40638
236	135	3.28663
237	29	1.73471
237	262	0.107173
237	275	0.521716
237	344	0.354194
237	944	4.30968
237	957	4.88191
237	968	5.2459
237	970	5.2459
238	156	2.04993
238	251	0.699648
238	504	1.66973
238	721	2.98172
238	754	3.17276
238	807	3.68448
238	845	3.92386
238	882	4.219
239	245	1.50725
239	313	1.6001
239	492	2.30522
239	543	2.42288
239	696	3.28821
239	722	3.45464
239	780	3.8332
239	808	3.98945
240	648	0.0125537
240	868	1.55435
240	874	1.76219
240	875	1.70923
240	934	3.16924
240	980	4.49431
240	986	4.7772
240	994	4.92376
241	85	2.01922
241	100	1.35758
241	138	0.905486
241	259	0.292115
241	917	4.1738
241	919	4.3744
241	930	4.67371
241	932	4.60494
242	202	1.433
242	254	2.38285
242	400	2.10109
242	467	2.3361
242	490	2.2845
242	742	3.59556
242	824	4.13393
242	835	4.13393
243	4	2.24681
243	63	2.37459
243	66	1.95181
243	136	2.24678
243	170	2.59919
243	191	2.06024
243	521	2.71884
243	947	6.20293
244	350	0.0232608
244	843	2.38513
244	855	2.53091
244	871	3.00307
244	917	3.33182
244	919	3.53242
244	930	3.83174
244	932	3.76296
245	239	1.50725
245	313	1.73158
245	492	2.43669
245	543	2.55436
245	566	2.66573
245	696	3.41969
245	780	3.96468
245	808	4.12093
246	165	0.00297827
246	346	0.00303099
246	969	3.42862
246	973	3.50969
246	977	3.75998
246	979	3.71178
246	996	4.03633
246	1000	4.12691
247	60	2.9128
247	110	3.28102
247	132	2.91279
247	254	3.64728
247	407	2.92864
247	421	3.52963
247	434	3.18891
247	626	0.580948
248	179	2.39735
248	347	2.6138
248	393	2.75729
248	436	2.65801
248	457	2.65745
248	501	2.77698
248	559	3.23757
248	622	3.30262
249	58	0.000241818
249	74	0.000957082
249	969	3.43137
249	973	3.51244
249	977	3.76272
249	979	3.71452
249	996	4.03907
249	1000	4.12966
250	14	1.67638
250	102	2.06878
250	122	1.72273
250	207	1.25621
250	359	1.55561
250	793	4.28783
250	842	4.70805
250	864	5.12554
251	238	0.699648
251	504	1.61972
251	646	2.34999
251	721	2.93172
251	754	3.12275
251	807	3.63448
251	845	3.87385
251	882	4.169
252	23	1.67522
252	38	2.79031
252	105	1.79818
252	181	1.97181
252	195	2.47587
252	271	2.1358
252	342	3.35923
252	965	6.19468
253	714	0.214467
253	866	2.21764
253	888	2.62109
253	892	2.69806
253	895	2.85651
253	939	3.78361
253	942	3.64719
253	955	4.36284
254	60	2.48938
254	110	2.85759
254	132	2.48937
254	211	2.25123
254	242	2.38285
254	247	3.64728
254	421	3.1062
254	467	3.17712
255	95	1.13957
255	361	1.59911
255	476	0.390949
255	851	3.25778
255	902	3.88842
255	903	3.91722
255	907	3.80917
255	926	4.39907
256	37	2.42417
256	41	3.18985
256	210	2.31898
256	223	2.02376
256	268	2.41271
256	332	2.27118
256	470	2.08533
256	933	5.67509
257	73	0.634775
257	216	1.19655
257	277	0.27
257	303	1.71663
257	841	4.04076
257	901	4.80503
257	911	5.01274
257	913	4.99478
258	20	0.634904
258	53	0.296742
258	157	1.1524
258	357	1.16369
258	794	0.868658
258	950	6.03194
258	963	6.4427
258	964	6.67882
259	22	1.32774
259	85	1.93873
259	114	1.33781
259	241	0.292115
259	917	4.09331
259	919	4.29391
259	930	4.59323
259	932	4.52445
260	8	1.90977
260	16	0.531957
260	52	1.73615
260	228	1.80822
260	520	1.61838
260	897	4.75054
260	908	5.0158
260	922	5.03034
261	105	1.10848
261	181	1.28211
261	195	1.78617
261	271	1.44609
261	342	2.66953
261	870	3.81693
261	946	4.78686
261	965	5.50498
262	126	1.84404
262	139	0.389741
262	237	0.107173
262	344	0.358724
262	944	4.31421
262	957	4.88644
262	968	5.25043
262	970	5.25043
263	11	1.68525
263	125	2.19743
263	190	1.75295
263	307	1.52256
263	783	3.61621
263	789	3.64595
263	823	3.82663
263	853	4.15418
264	51	1.62763
264	59	1.86455
264	329	2.15907
264	497	2.87131
264	539	2.87132
264	634	3.24116
264	734	3.78791
264	763	3.97814
265	12	2.45623
265	25	2.97419
265	50	2.81212
265	134	2.97418
265	140	2.97418
265	142	2.61528
265	149	2.07672
265	503	3.51822
266	971	2.23876
266	981	2.44823
266	988	2.81732
266	990	2.89965
266	991	2.90006
266	992	3.00467
266	995	2.90622
266	997	3.21304
267	20	0.0626686
267	129	0.00902119
267	429	0.107158
267	906	3.57912
267	912	3.80647
267	950	4.59304
267	963	5.00381
267	964	5.23993
268	91	1.26285
268	210	2.17002
268	223	1.87481
268	256	2.41271
268	332	2.12222
268	470	1.93638
268	894	4.92053
268	935	5.70164
269	419	0.0168259
269	485	0.0262807
269	916	2.58647
269	949	3.41866
269	954	3.93372
269	958	3.78816
269	983	4.18855
269	984	4.17518
269	993	4.59629
270	16	0.114871
270	517	0.741512
270	750	2.60196
270	781	2.69545
270	876	3.94656
270	887	4.08745
270	897	3.99906
270	908	4.26432
270	922	4.27886
271	23	1.86441
271	76	1.49818
271	181	2.161
271	252	2.1358
271	261	1.44609
271	341	2.02649
271	342	3.54843
271	946	5.66576
271	965	6.38387
272	938	1.71216
272	941	1.75799
272	951	2.37227
272	966	3.05526
272	975	3.22046
272	978	3.46607
272	982	3.44923
272	989	3.82867
272	999	4.18381
273	435	0.00327492
273	659	0.028535
273	707	0.0317926
273	969	4.1558
273	973	4.23688
273	977	4.48716
273	979	4.43896
273	996	4.76351
273	1000	4.85409
274	326	0.0599023
274	767	1.98658
274	840	2.75361
274	863	3.20007
274	877	3.14364
274	889	3.51994
274	918	3.85019
274	933	4.02034
274	935	4.19585
275	29	0.58443
275	237	0.521716
275	285	0.452352
275	287	1.31912
275	507	0.415692
275	944	5.35194
275	957	5.92417
275	968	6.28816
275	970	6.28816
276	28	1.15665
276	639	1.29013
276	775	2.62711
276	782	2.60515
276	861	3.26183
276	902	3.83225
276	903	3.86106
276	907	3.753
276	926	4.3429
277	257	0.27
277	769	2.90167
277	800	3.06088
277	814	3.31236
277	815	3.28107
277	826	3.46841
277	834	3.39718
277	838	3.59512
277	850	3.71337
278	429	0.162298
278	653	1.01963
278	758	1.71249
278	854	2.85805
278	865	3.12771
278	906	3.63426
278	912	3.86161
278	963	5.05895
278	964	5.29507
279	14	1.43162
279	39	1.96666
279	123	1.09401
279	359	1.31085
279	681	3.15241
279	793	4.04307
279	810	4.38731
279	842	4.46329
279	864	4.88078
280	830	1.17576
280	974	2.77352
280	981	2.99521
280	987	3.11737
280	990	3.44663
280	991	3.44704
280	995	3.4532
280	997	3.76002
280	998	3.76463
281	26	0.846793
281	200	0.0635808
281	562	1.88513
281	654	2.08359
281	753	3.01681
281	857	3.92912
281	904	4.47882
281	936	5.1131
281	945	5.31309
282	46	1.12901
282	229	0.148714
282	739	2.74042
282	768	2.94244
282	798	3.05651
282	841	3.50573
282	901	4.26999
282	911	4.4777
282	913	4.45975
283	41	2.56842
283	156	0.27
283	464	1.14154
283	561	1.51347
283	631	1.78694
283	889	4.55326
283	918	4.88351
283	933	5.05366
283	935	5.22916
284	537	1.43154
284	577	1.01254
284	582	1.27082
284	782	2.83165
284	861	3.48834
284	902	4.05876
284	903	4.08756
284	907	3.9795
284	926	4.56941
285	275	0.452352
285	287	0.207494
285	370	0.279092
285	839	2.56568
285	910	3.8195
285	944	4.24031
285	957	4.81255
285	968	5.17654
285	970	5.17654
286	78	1.76528
286	104	1.52765
286	145	1.50358
286	147	1.52766
286	425	1.61192
286	540	0.4444
286	983	5.98506
286	984	5.97169
286	993	6.3928
287	143	0.00388234
287	275	1.31912
287	285	0.207494
287	502	0.49167
287	692	1.83482
287	944	5.10708
287	957	5.67931
287	968	6.0433
287	970	6.0433
288	28	3.05805
288	95	2.98479
288	124	2.78112
288	160	2.73147
288	182	2.45723
288	224	3.21727
288	321	2.02836
288	361	3.44434
288	488	4.02746
289	193	0.718239
289	744	1.30594
289	758	1.43656
289	833	2.15087
289	906	3.35833
289	912	3.58568
289	950	4.37225
289	963	4.78302
289	964	5.01914
290	34	1.70484
290	220	1.86554
290	541	1.93677
290	636	2.35
290	695	3.14925
290	754	3.35363
290	807	3.86535
290	845	4.10473
290	882	4.39988
291	697	2.38097
291	732	2.58717
291	736	2.58378
291	756	2.80407
291	783	3.07181
291	789	3.10156
291	804	3.30869
291	823	3.28223
291	853	3.60978
292	100	1.99186
292	138	1.53976
292	162	1.23676
292	198	1.20414
292	350	0.680121
292	886	4.52158
292	919	5.00868
292	930	5.30799
292	932	5.23921
293	31	1.80884
293	42	2.31375
293	103	1.917
293	474	2.51941
293	493	2.68342
293	558	2.90262
293	722	3.89046
293	780	4.26902
293	808	4.42528
294	88	2.32536
294	149	1.85618
294	479	0.364829
294	503	3.29768
294	621	3.25008
294	691	3.6221
294	719	3.97228
294	751	4.13291
294	774	4.27335
295	37	1.11943
295	41	1.88511
295	210	1.01424
295	767	2.33658
295	877	3.49365
295	894	3.76475
295	918	4.2002
295	933	4.37035
295	935	4.54585
296	69	0.00251246
296	184	0.00407004
296	458	0.00225408
296	969	4.15772
296	973	4.23879
296	977	4.48907
296	979	4.44088
296	996	4.76543
296	1000	4.85601
297	705	0.619203
297	802	1.62009
297	818	1.87078
297	854	2.48645
297	865	2.75611
297	912	3.49001
297	950	4.27658
297	963	4.68735
297	964	4.92347
298	905	1.62752
298	923	2.12464
298	928	2.26715
298	940	2.47077
298	953	2.90594
298	980	3.63671
298	985	3.71514
298	986	3.9196
298	994	4.06616
299	125	1.79071
299	731	2.72805
299	732	2.72485
299	736	2.72146
299	756	2.94175
299	783	3.20949
299	804	3.44636
299	823	3.41991
299	853	3.74746
300	370	0.35395
300	389	0.0610405
300	560	0.345025
300	879	3.15169
300	896	3.53375
300	910	3.89436
300	957	4.8874
300	968	5.2514
300	970	5.2514
301	77	3.17962
301	82	2.63608
301	189	2.51306
301	315	2.3326
301	343	2.20966
301	365	2.67321
301	428	2.69644
301	715	3.77912
301	806	4.70995
302	819	2.16865
302	836	2.25974
302	843	2.56819
302	846	2.65715
302	855	2.71396
302	871	3.18613
302	917	3.51488
302	919	3.71548
302	932	3.94602
303	115	1.46941
303	216	1.5584
303	257	1.71663
303	324	1.68509
303	841	4.40261
303	901	5.16688
303	911	5.37458
303	913	5.35663
303	965	2.8197
304	180	1.11939
304	222	0.044483
304	353	0.794036
304	419	1.30841
304	529	0.876049
304	949	4.9709
304	983	5.74079
304	984	5.72742
304	993	6.14853
305	744	1.35102
305	745	1.36116
305	758	1.48164
305	833	2.19595
305	854	2.6272
305	906	3.40341
305	950	4.41733
305	963	4.8281
305	964	5.06422
306	96	2.59781
306	185	2.56618
306	327	2.44779
306	492	3.11183
306	543	3.22949
306	566	3.34087
306	780	4.63981
306	808	4.79607
306	926	1.98252
307	190	2.06062
307	263	1.52256
307	433	0.316228
307	716	3.33574
307	735	3.33743
307	783	3.92388
307	789	3.95363
307	823	4.1343
307	853	4.46185
308	86	0.00228645
308	112	0.000604804
308	176	0.00132872
308	969	4.15889
308	973	4.23996
308	977	4.49024
308	979	4.44204
308	996	4.76659
308	1000	4.85718
309	568	0.0159385
309	923	2.33271
309	928	2.47522
309	943	2.6228
309	953	3.11401
309	980	3.84479
309	985	3.92321
309	986	4.12767
309	994	4.27424
310	974	2.40005
310	981	2.62174
310	987	2.7439
310	988	2.99083
310	990	3.07316
310	991	3.07357
310	995	3.07973
310	997	3.38655
310	998	3.39116
311	778	0.962341
311	951	2.36878
311	966	3.05177
311	975	3.21697
311	976	3.47984
311	978	3.46258
311	982	3.44575
311	989	3.82518
311	999	4.18032
312	860	2.20389
312	866	2.15974
312	888	2.56318
312	895	2.79861
312	900	2.66426
312	914	3.06188
312	931	3.38455
312	942	3.58929
312	955	4.30493
313	239	1.6001
313	245	1.73158
313	492	2.52954
313	543	2.64721
313	566	2.75858
313	696	3.51254
313	722	3.67896
313	780	4.05753
313	808	4.21378
314	59	1.86754
314	401	2.28714
314	497	2.87431
314	530	2.65027
314	539	2.87432
314	622	3.16011
314	634	3.24416
314	734	3.79091
314	763	3.98113
315	77	2.89705
315	82	2.35351
315	189	2.23049
315	301	2.3326
315	365	2.39064
315	428	2.41387
315	729	3.69027
315	770	3.99417
315	806	4.42738
316	162	0.334541
316	607	0.731821
316	725	1.71215
316	871	3.57711
316	886	3.61937
316	917	3.90586
316	919	4.10646
316	930	4.40578
316	932	4.337
317	576	2.13264
317	687	2.66763
317	701	2.87748
317	704	2.90611
317	712	3.1311
317	715	2.84824
317	729	3.04196
317	770	3.34586
317	806	3.77907
318	525	0.019073
318	812	1.65044
318	866	2.60405
318	883	2.88898
318	900	3.10857
318	914	3.50619
318	939	4.17001
318	942	4.0336
318	955	4.74924
319	113	0.147621
319	496	0.878572
319	733	2.25437
319	799	2.7239
319	876	3.97643
319	887	4.11732
319	897	4.02893
319	908	4.29419
319	922	4.30873
320	740	2.39043
320	796	2.79724
320	800	2.71766
320	814	2.96913
320	815	2.93784
320	826	3.12518
320	834	3.05395
320	838	3.25189
320	859	3.48673
321	182	1.10257
321	288	2.02836
321	476	0.881517
321	488	2.6728
321	762	2.69938
321	851	3.74835
321	903	4.40779
321	907	4.29973
321	926	4.88964
322	743	1.74927
322	760	1.69962
322	820	2.27784
322	857	2.82416
322	878	2.96239
322	904	3.37386
322	920	3.62675
322	936	4.00813
322	945	4.20813
323	213	1.4393
323	384	1.59608
323	701	3.12961
323	704	3.15825
323	712	3.38323
323	715	3.10037
323	729	3.29409
323	770	3.59799
323	806	4.0312
324	32	1.19385
324	115	1.07602
324	154	0.488086
324	303	1.68509
324	798	3.56001
324	841	4.00922
324	901	4.77349
324	911	4.9812
324	913	4.96325
325	860	2.13013
325	866	2.08598
325	888	2.48943
325	895	2.72485
325	900	2.5905
325	931	3.3108
325	939	3.65195
325	942	3.51554
325	955	4.23118
326	274	0.0599023
326	399	0.260507
326	767	2.54876
326	840	3.31579
326	863	3.76225
326	877	3.70583
326	889	4.08213
326	918	4.41238
326	933	4.58253
327	185	2.02497
327	306	2.44779
327	474	2.34899
327	493	2.513
327	543	2.68828
327	566	2.79966
327	696	3.55361
327	780	4.0986
327	808	4.25486
328	121	1.4875
328	233	0.723003
328	382	0.782936
328	650	1.88403
328	753	2.93891
328	878	3.98946
328	920	4.65382
328	936	5.0352
328	945	5.23519
329	59	1.94608
329	264	2.15907
329	495	2.73839
329	497	2.95285
329	530	2.72881
329	539	2.95286
329	634	3.3227
329	734	3.86945
329	763	4.05967
330	15	0.782899
330	373	0.641876
330	475	0.914235
330	562	1.92908
330	753	3.06076
330	878	4.11131
330	920	4.77567
330	936	5.15705
330	945	5.35704
331	107	9.62097e-05
331	111	0.884117
331	866	2.67362
331	883	2.95855
331	892	3.15403
331	931	3.89843
331	939	4.23958
331	942	4.10317
331	955	4.81881
332	37	2.13369
332	91	1.12132
332	223	1.73328
